 KOMONDOR SIMULATION 'sim_input_nodes_n3_s001_cca-62.csv' (seed 920);109.01;109.55;107.01;108.52;107.01;0.95;0.00;0.94;0.92;1720.89;1721.77;1718.49;1721.77;325568400.00
 KOMONDOR SIMULATION 'sim_input_nodes_n3_s001_cca-63.csv' (seed 920);109.01;109.55;107.01;108.52;107.01;0.95;0.00;0.94;0.92;1720.89;1721.77;1718.49;1721.77;325568400.00
 KOMONDOR SIMULATION 'sim_input_nodes_n3_s001_cca-64.csv' (seed 920);100.04;64.33;107.71;90.69;64.33;0.91;0.00;0.80;0.56;1726.33;1733.46;1728.06;1733.46;272080800.00
 KOMONDOR SIMULATION 'sim_input_nodes_n3_s001_cca-65.csv' (seed 920);57.40;58.13;107.36;74.30;57.40;0.51;0.00;0.64;0.50;1718.33;1725.98;1722.07;1725.98;222886200.00
 KOMONDOR SIMULATION 'sim_input_nodes_n3_s001_cca-66.csv' (seed 920);57.94;57.53;107.26;74.24;57.53;0.51;0.00;0.64;0.50;1711.79;1744.57;1729.15;1744.57;222727200.00
 KOMONDOR SIMULATION 'sim_input_nodes_n3_s001_cca-67.csv' (seed 920);57.94;57.53;107.26;74.24;57.53;0.51;0.00;0.64;0.50;1711.79;1744.57;1729.15;1744.57;222727200.00
 KOMONDOR SIMULATION 'sim_input_nodes_n3_s001_cca-68.csv' (seed 920);57.94;57.53;107.26;74.24;57.53;0.51;0.00;0.64;0.50;1711.79;1744.57;1729.15;1744.57;222727200.00
 KOMONDOR SIMULATION 'sim_input_nodes_n3_s001_cca-69.csv' (seed 920);57.94;57.53;107.26;74.24;57.53;0.51;0.00;0.64;0.50;1711.79;1744.57;1729.15;1744.57;222727200.00
 KOMONDOR SIMULATION 'sim_input_nodes_n3_s001_cca-70.csv' (seed 920);57.94;57.53;107.26;74.24;57.53;0.51;0.00;0.64;0.50;1711.79;1744.57;1729.15;1744.57;222727200.00
 KOMONDOR SIMULATION 'sim_input_nodes_n3_s001_cca-71.csv' (seed 920);57.94;57.53;107.26;74.24;57.53;0.51;0.00;0.64;0.50;1711.79;1744.57;1729.15;1744.57;222727200.00
 KOMONDOR SIMULATION 'sim_input_nodes_n3_s001_cca-72.csv' (seed 920);57.94;57.53;107.26;74.24;57.53;0.51;0.00;0.64;0.50;1711.79;1744.57;1729.15;1744.57;222727200.00
 KOMONDOR SIMULATION 'sim_input_nodes_n3_s001_cca-73.csv' (seed 920);57.94;57.53;107.26;74.24;57.53;0.51;0.00;0.64;0.50;1711.79;1744.57;1729.15;1744.57;222727200.00
 KOMONDOR SIMULATION 'sim_input_nodes_n3_s001_cca-74.csv' (seed 920);57.94;57.53;107.26;74.24;57.53;0.51;0.00;0.64;0.50;1711.79;1744.57;1729.15;1744.57;222727200.00
 KOMONDOR SIMULATION 'sim_input_nodes_n3_s001_cca-75.csv' (seed 920);57.94;57.53;107.26;74.24;57.53;0.51;0.00;0.64;0.50;1711.79;1744.57;1729.15;1744.57;222727200.00
 KOMONDOR SIMULATION 'sim_input_nodes_n3_s001_cca-76.csv' (seed 920);57.94;57.53;107.26;74.24;57.53;0.51;0.00;0.64;0.50;1711.79;1744.57;1729.15;1744.57;222727200.00
 KOMONDOR SIMULATION 'sim_input_nodes_n3_s001_cca-77.csv' (seed 920);57.94;57.53;107.26;74.24;57.53;0.51;0.00;0.64;0.50;1711.79;1744.57;1729.15;1744.57;222727200.00
 KOMONDOR SIMULATION 'sim_input_nodes_n3_s001_cca-78.csv' (seed 920);57.94;57.53;107.26;74.24;57.53;0.51;0.00;0.64;0.50;1711.79;1744.57;1729.15;1744.57;222727200.00
 KOMONDOR SIMULATION 'sim_input_nodes_n3_s001_cca-79.csv' (seed 920);55.14;58.13;70.28;61.18;55.14;0.49;0.00;0.53;0.49;1721.32;1737.69;1730.87;1737.69;183549600.00
 KOMONDOR SIMULATION 'sim_input_nodes_n3_s001_cca-80.csv' (seed 920);8.71;101.89;102.49;71.03;8.71;0.08;0.00;0.61;0.08;1786.86;1714.24;1738.69;1786.86;213091800.00
 KOMONDOR SIMULATION 'sim_input_nodes_n3_s001_cca-81.csv' (seed 920);1.14;109.46;109.42;73.34;1.14;0.01;0.00;0.63;0.01;209.46;1711.47;1210.64;1711.47;220024200.00
 KOMONDOR SIMULATION 'sim_input_nodes_n3_s001_cca-82.csv' (seed 920);1.14;109.46;109.42;73.34;1.14;0.01;0.00;0.63;0.01;209.46;1711.47;1210.64;1711.47;220024200.00