 KOMONDOR SIMULATION 'sim_input_nodes_n3_s001_cca-62.csv' (seed 920);110.25;108.15;106.40;108.27;106.40;0.95;0.00;0.94;0.92;1722.92;1717.52;1706.63;1722.92;324805200.00
 KOMONDOR SIMULATION 'sim_input_nodes_n3_s001_cca-63.csv' (seed 920);110.25;108.15;106.40;108.27;106.40;0.95;0.00;0.94;0.92;1722.92;1717.52;1706.63;1722.92;324805200.00
 KOMONDOR SIMULATION 'sim_input_nodes_n3_s001_cca-64.csv' (seed 920);110.25;108.15;106.40;108.27;106.40;0.95;0.00;0.94;0.92;1722.92;1717.52;1706.63;1722.92;324805200.00
 KOMONDOR SIMULATION 'sim_input_nodes_n3_s001_cca-65.csv' (seed 920);110.25;108.15;106.40;108.27;106.40;0.95;0.00;0.94;0.92;1722.92;1717.52;1706.63;1722.92;324805200.00
 KOMONDOR SIMULATION 'sim_input_nodes_n3_s001_cca-66.csv' (seed 920);110.25;108.15;106.40;108.27;106.40;0.95;0.00;0.94;0.92;1722.92;1717.52;1706.63;1722.92;324805200.00
 KOMONDOR SIMULATION 'sim_input_nodes_n3_s001_cca-67.csv' (seed 920);110.25;108.15;106.40;108.27;106.40;0.95;0.00;0.94;0.92;1722.92;1717.52;1706.63;1722.92;324805200.00
 KOMONDOR SIMULATION 'sim_input_nodes_n3_s001_cca-68.csv' (seed 920);110.25;108.15;106.40;108.27;106.40;0.95;0.00;0.94;0.92;1722.92;1717.52;1706.63;1722.92;324805200.00
 KOMONDOR SIMULATION 'sim_input_nodes_n3_s001_cca-69.csv' (seed 920);110.25;108.15;106.40;108.27;106.40;0.95;0.00;0.94;0.92;1722.92;1717.52;1706.63;1722.92;324805200.00
 KOMONDOR SIMULATION 'sim_input_nodes_n3_s001_cca-70.csv' (seed 920);76.07;98.93;99.25;91.41;76.07;0.66;0.00;0.79;0.66;1717.67;1721.72;1719.84;1721.72;274243200.00
 KOMONDOR SIMULATION 'sim_input_nodes_n3_s001_cca-71.csv' (seed 920);76.07;98.93;99.25;91.41;76.07;0.66;0.00;0.79;0.66;1717.67;1721.72;1719.84;1721.72;274243200.00
 KOMONDOR SIMULATION 'sim_input_nodes_n3_s001_cca-72.csv' (seed 920);67.58;57.18;57.59;60.78;57.18;0.62;0.00;0.54;0.49;1696.59;1741.17;1725.43;1741.17;182341200.00
 KOMONDOR SIMULATION 'sim_input_nodes_n3_s001_cca-73.csv' (seed 920);0.64;109.77;109.81;73.41;0.64;0.01;0.00;0.63;0.01;213.59;1715.90;1215.24;1716.23;220215000.00
 KOMONDOR SIMULATION 'sim_input_nodes_n3_s001_cca-74.csv' (seed 920);0.64;109.77;109.81;73.41;0.64;0.01;0.00;0.63;0.01;213.59;1715.90;1215.24;1716.23;220215000.00
 KOMONDOR SIMULATION 'sim_input_nodes_n3_s001_cca-75.csv' (seed 920);0.64;109.77;109.81;73.41;0.64;0.01;0.00;0.63;0.01;213.59;1715.90;1215.24;1716.23;220215000.00
 KOMONDOR SIMULATION 'sim_input_nodes_n3_s001_cca-76.csv' (seed 920);0.64;109.77;109.81;73.41;0.64;0.01;0.00;0.63;0.01;213.59;1715.90;1215.24;1716.23;220215000.00
 KOMONDOR SIMULATION 'sim_input_nodes_n3_s001_cca-77.csv' (seed 920);0.64;109.77;109.81;73.41;0.64;0.01;0.00;0.63;0.01;213.59;1715.90;1215.24;1716.23;220215000.00
 KOMONDOR SIMULATION 'sim_input_nodes_n3_s001_cca-78.csv' (seed 920);0.64;109.77;109.81;73.41;0.64;0.01;0.00;0.63;0.01;213.59;1715.90;1215.24;1716.23;220215000.00
 KOMONDOR SIMULATION 'sim_input_nodes_n3_s001_cca-79.csv' (seed 920);0.64;109.77;109.81;73.41;0.64;0.01;0.00;0.63;0.01;213.59;1715.90;1215.24;1716.23;220215000.00
 KOMONDOR SIMULATION 'sim_input_nodes_n3_s001_cca-80.csv' (seed 920);0.64;109.77;109.81;73.41;0.64;0.01;0.00;0.63;0.01;213.59;1715.90;1215.24;1716.23;220215000.00
 KOMONDOR SIMULATION 'sim_input_nodes_n3_s001_cca-81.csv' (seed 920);0.64;109.77;109.81;73.41;0.64;0.01;0.00;0.63;0.01;213.59;1715.90;1215.24;1716.23;220215000.00
 KOMONDOR SIMULATION 'sim_input_nodes_n3_s001_cca-82.csv' (seed 920);0.64;109.77;109.81;73.41;0.64;0.01;0.00;0.63;0.01;213.59;1715.90;1215.24;1716.23;220215000.00